 1893   0.18   0.65   0.98   1.57   1.21  -0.67  -0.66  -0.68  -0.87  -0.98  -0.92   0.62
 1894   0.58  -0.09  -0.34  -0.01  -0.22  -0.73  -1.24  -1.63  -2.01  -1.95  -2.18  -2.12
 1895  -2.12  -2.26  -2.60  -2.44  -2.63  -2.16  -2.13  -1.84  -1.35  -1.47  -1.38  -1.53
 1896  -1.60  -1.73  -1.66  -0.97   1.32   2.15   2.78   2.48   2.30   2.74   3.65   3.35
 1897   4.01   3.75   4.20   4.55   3.56   3.70   3.68   3.20   2.40   2.17   1.91   2.66
 1898   2.66   2.55   2.44   2.10   2.72   2.99   3.09   3.05   2.49   2.61   2.43   2.10
 1899   2.07   2.21   2.27   1.62   2.47   3.17   2.75   2.61   1.90   1.61   1.16   1.21
 1900   0.95   1.08   1.28   1.71   1.51   0.92   2.13   2.00   2.36   2.24   1.93   1.98
 1901   1.77   1.93   2.26   2.01   1.71   1.83   1.07   0.67   2.80   2.81   2.82   3.15
 1902   3.45   3.36   3.31   2.95   2.43   2.24   2.37   2.81   3.39   2.73   2.48   3.02
 1903   2.66   2.78   2.43   2.19   3.09   2.91   3.17   4.01   3.53   3.57   3.33   3.03
 1904   2.86   2.77   2.43   2.40   2.50   2.69   2.50   3.08   2.64   3.21   2.72   2.38
 1905   2.73   2.78   2.68   2.58   3.73   3.75   3.79   3.69   3.86   3.84   4.58   4.09
 1906   3.91   4.06   4.15   4.12   3.18   2.65   2.10   3.87   4.97   5.64   5.14   4.85
 1907   4.72   4.53   3.82   3.21   3.11   3.33   4.17   3.78   3.39   2.79   2.19   2.17
 1908   1.83   1.72   1.58   1.37   1.53   2.08   2.35   2.56   2.00   2.25   2.47   2.32
 1909   2.27   2.63   2.44   2.34   2.56   2.79   3.15   3.17   3.52   3.21   3.58   3.83
 1910   3.69   3.31   2.38   1.45   0.85  -1.44  -1.51  -1.06  -0.75  -0.76  -0.93  -1.06
 1911  -1.19  -1.30  -1.74  -2.01  -2.23  -2.27  -2.23  -1.87  -2.14  -1.27  -1.26  -1.04
 1912  -1.03  -1.00  -0.80  -0.73  -0.96  -1.23  -1.14  -0.84   0.78   0.76  -0.29  -0.37
 1913  -0.53  -0.40   0.09   0.99   2.26   1.82   1.61   0.92  -0.74  -0.98  -1.26  -1.41
 1914  -1.49  -1.63  -1.96  -2.00  -2.09  -1.84  -2.07  -2.04  -1.47  -1.71  -2.00  -1.89
 1915  -1.91  -1.15  -1.06  -1.08   1.49   1.75   3.59   3.26   3.66   3.68   3.52   3.46
 1916   3.57   3.32   3.02   3.18   3.20   3.42   3.33   3.04   3.18   2.76   2.41   2.27
 1917   2.50   2.35   2.60   2.99   3.03   3.02   2.59   2.48   2.09   1.61   1.18   1.16
 1918   1.27   1.12   0.56  -0.56   0.88   0.68  -0.24   0.37   0.15   0.32   0.66   0.89
 1919   0.73   1.45   1.40   1.61   1.51   1.59   1.38   0.98   0.78   0.93   1.48   1.28
 1920   0.99   0.85   1.04   2.64   3.05   3.10   2.69   2.30   1.83   1.93   1.76   1.84
 1921   1.55   1.28   0.63  -0.85  -0.72  -1.15  -0.71  -0.74  -0.71  -0.73  -0.84  -0.91
 1922  -0.73  -0.72  -0.99  -0.96  -1.11  -1.21  -0.99  -1.32  -1.73  -1.92  -1.58  -1.73
 1923  -1.69  -1.91  -1.93  -1.74  -1.56  -1.32  -1.25   2.17   3.08   2.76   2.46   2.47
 1924   2.29   2.50   2.76   2.28   1.86   2.48   2.32   2.38   2.32   1.72   1.22   1.81
 1925   1.87   1.68   1.21   1.00  -0.68   0.20  -0.36  -0.84  -0.86  -0.87  -1.06  -1.09
 1926  -1.05  -1.34  -1.68  -2.18  -2.57  -3.01  -3.32  -2.99  -2.44  -2.50  -2.19  -2.16
 1927  -2.26  -1.91  -1.43  -0.63   1.95   1.57   1.62   1.95   1.86   1.27   1.08   0.91
 1928  -0.49   0.48   0.72  -0.33  -0.13  -0.24  -0.09  -0.30  -0.44   0.61   0.74  -0.13
 1929   0.08   0.26  -0.19   0.46   0.91   1.24   1.25   1.08   1.27   1.55   1.48   1.32
 1930   1.34   0.98   0.65  -0.36  -0.07  -0.00  -0.49   0.05   0.09   0.56   0.88   0.71
 1931  -0.13  -0.20  -0.20  -0.27  -0.49  -0.97  -1.33  -1.82  -2.10  -2.21  -1.73  -1.63
 1932  -1.23  -1.13  -1.18  -1.48  -1.02  -0.95  -1.08  -1.01  -1.09  -1.12  -1.28  -1.32
 1933  -1.46  -1.47  -1.21  -1.42  -1.52  -2.05  -1.39  -1.35  -1.51  -1.83  -2.06  -1.92
 1934  -1.97  -2.11  -1.94  -2.33  -3.08  -2.76  -2.91  -3.33  -2.84  -3.04  -2.95  -2.84
 1935  -2.66  -2.56  -2.78  -2.18  -2.08  -1.93  -2.09  -1.77  -1.96  -2.12  -2.06  -1.90
 1936  -1.17  -0.67  -0.63  -0.76  -0.89  -1.30  -2.03  -2.73  -2.26  -2.42  -2.58  -2.28
 1937  -1.91  -1.98  -1.89  -1.80  -1.99  -2.09  -2.37  -2.10  -2.32  -1.79  -1.85  -1.88
 1938  -1.67  -1.35  -1.43  -1.55  -1.40  -1.72  -1.26  -1.64  -0.73  -1.08  -0.72  -0.81
 1939  -0.58   1.16   1.40   1.19   0.61   0.89  -0.33  -0.29  -0.80  -1.10  -1.45  -1.53
 1940  -1.57  -1.59  -1.27  -0.95  -1.44  -1.41  -1.46  -1.61  -2.07  -1.96  -1.63  -1.37
 1941  -0.91   1.48   1.28   1.99   1.16   1.36   0.84  -0.87  -0.62  -0.58  -0.78  -0.76
 1942  -0.81  -0.59   0.45  -0.46   0.12   0.59   0.58  -0.20   0.38  -0.21  -0.35  -0.47
 1943  -0.39  -0.46  -0.31  -0.55  -0.77  -0.72  -0.84  -1.27  -1.66  -1.57  -1.63  -1.85
 1944  -1.54  -1.31  -1.37  -1.07  -0.61   0.93   1.72   3.35   3.06   2.57   2.55   2.38
 1945   2.45   2.52   2.28   2.18   2.23   2.11   1.68   1.80   1.34   0.62  -0.72   0.36
 1946  -0.16  -0.29  -0.33  -0.86  -0.84  -1.19  -1.65  -1.86  -1.49  -1.07  -0.66  -0.67
 1947   1.15   0.86   0.60   0.58   0.58   0.84   0.61  -0.41  -0.63   0.15   0.41   0.41
 1948   0.12   0.48  -0.17  -0.42  -0.90  -0.59  -0.57  -0.56  -0.94  -0.91  -0.55   0.56
 1949   1.23   0.89   1.79   1.39   1.32   0.78   1.01  -0.45   1.04   0.86  -0.34  -0.40
 1950  -0.40   0.18   0.28   0.12   0.49   1.06   1.30   1.28   1.00   0.76   0.62  -0.40
 1951  -0.55   0.15   0.70   1.74   1.69   2.35   2.33   3.60   4.08   4.22   3.94   3.79
 1952   3.78   3.69   3.80   3.31   3.33   2.28   1.87   1.92   1.15  -1.05  -1.14  -1.08
 1953  -1.13  -0.83  -0.96   0.71   1.11   0.77   1.01   1.07   0.71  -0.53  -0.52  -0.26
 1954  -0.21   0.24   0.28   0.21   0.27   0.62  -0.13   0.32   0.14   0.32  -0.27  -0.37
 1955  -0.48  -0.41  -0.61  -0.92  -1.46  -1.20  -1.73  -2.49  -2.82  -3.06  -3.22  -3.05
 1956  -3.07  -3.23  -3.57  -3.61  -3.77  -4.26  -3.99  -4.16  -4.40  -4.57  -4.52  -4.51
 1957  -4.49  -4.58  -4.40  -4.43  -3.97  -3.74  -3.65  -3.67  -3.38  -3.10  -2.78  -2.85
 1958  -2.85  -2.54  -2.49  -2.05  -2.37  -2.61  -2.11  -2.52  -2.83  -3.18  -3.24  -3.35
 1959  -3.37  -3.35  -3.15  -3.27  -2.61  -2.72  -2.82  -2.72  -2.81  -2.33  -1.57  -1.28
 1960  -1.09  -1.04  -0.64   1.63   2.42   2.25   1.85   2.87   2.46   2.08   1.90   1.69
 1961   1.46   1.32   1.27   0.93   0.86  -0.56   0.11  -0.35  -0.36  -0.55  -0.67  -0.65
 1962  -0.86  -0.64   0.60  -0.13   0.49   1.50   1.85   1.73   2.22   1.75   1.21   1.07
 1963   1.00   0.73  -0.54  -0.68  -0.90   0.85   1.67   1.78   1.50   0.81  -0.72  -0.87
 1964  -0.90  -1.05  -0.94  -0.77  -1.00  -1.03  -0.90   1.06   1.27   0.80  -0.35  -0.29
 1965  -0.43  -0.27  -0.39  -0.43   0.25   0.27   0.12   0.07   1.31   0.92   0.61   0.55
 1966  -0.32  -0.18  -0.21  -0.31  -0.74   0.25   0.05   0.56  -0.05  -0.05  -0.29  -0.31
 1967  -0.35  -0.61  -1.10  -1.42  -1.41   1.50   1.08   1.07  -0.47  -0.60  -0.85  -0.97
 1968  -1.00  -1.27  -1.71  -1.65  -2.05  -2.47  -2.91  -2.76  -2.69  -1.55  -1.51  -0.94
 1969  -0.63   1.97   1.94   1.25   0.78   1.25   1.61   1.37   1.26   1.74   1.36   1.38
 1970   1.08   0.73   0.83   0.83   0.82   0.61  -0.55  -0.92  -0.91  -0.56   0.67   0.69
 1971  -0.12   0.60  -0.06  -0.30  -0.58   0.90   0.79  -0.50  -0.80   0.32   0.49   0.49
 1972  -0.15  -0.22  -0.50  -0.59   0.82   0.91   1.37   1.11   0.80   0.79   0.76   0.98
 1973   1.09   0.97   2.12   2.00   2.01   1.47   1.27  -0.90   0.81  -0.24  -0.14  -0.11
 1974  -0.28  -0.51  -0.73  -1.04  -1.34  -1.45  -2.00  -1.93  -2.03  -2.23  -2.45  -2.55
 1975  -2.40  -2.62  -2.66  -2.63  -2.92  -2.70  -3.16  -3.10  -3.24  -3.50  -2.89  -2.97
 1976  -2.95  -3.06  -2.99  -3.05  -3.29  -3.65  -3.79  -4.02  -4.12  -4.16  -4.24  -4.29
 1977  -4.32  -4.36  -4.06  -3.80  -3.81  -4.03  -4.14  -4.03  -3.72  -3.43  -3.25  -3.00
 1978  -3.02  -2.81  -3.00  -2.72  -2.63  -3.04  -2.24  -2.24  -2.60  -2.75  -2.74  -2.63
 1979  -2.32  -2.43  -1.64  -1.55  -1.05  -0.90   1.73   1.94   1.99   2.28   2.89   2.65
 1980   2.48   2.23   2.05   1.62   1.17  -0.78  -1.32  -0.64  -0.87  -0.90  -1.24  -1.39
 1981  -1.61  -1.74  -1.84  -2.56  -2.84  -2.99  -2.72  -2.83  -3.09  -3.17  -3.21  -2.84
 1982  -2.54  -2.70  -2.76  -2.88  -2.25  -2.23  -2.30  -2.53  -2.46  -1.91  -1.39  -0.68
 1983   1.91   1.86   2.81   2.86   2.43   3.02   2.37   1.47   1.16   0.85   1.19   0.75
 1984  -0.70  -0.70   0.80   1.83   1.60   2.10   1.78   0.99   0.55   1.43   1.10   0.91
 1985   0.65   0.16   0.53   0.89  -0.37  -0.19  -0.54   0.60   1.09   0.85   0.77  -0.20
 1986  -0.29  -0.31   0.02   0.23   0.71   0.89   0.73   0.64   1.30   1.67   1.42   1.24
 1987   1.06   0.77   2.02   1.28   0.67   0.60   0.72  -0.54   0.05  -0.31  -0.30  -0.13
 1988  -0.03  -0.23  -0.61   0.17  -0.15  -0.90  -1.07  -1.03  -1.02  -1.33  -1.42  -1.65
 1989  -1.69  -1.87  -2.08  -2.46  -2.92  -3.24  -3.54  -3.64  -3.51  -3.72  -3.78  -3.75
 1990  -3.68  -3.85  -4.01  -4.17  -3.59  -3.89  -4.01  -4.06  -4.23  -3.97  -3.88  -3.81
 1991  -3.75  -3.87  -3.97  -3.77  -3.52  -3.22  -3.37  -3.62  -3.69  -3.50  -2.98  -2.89
 1992  -2.73  -2.49  -1.99  -1.97  -2.12  -1.82  -1.34   1.96   2.38   3.59   3.78   3.94
 1993   3.68   3.71   3.43   3.76   4.00   3.89   4.70   4.90   4.67   4.29   4.35   4.07
 1994   4.00   3.94   3.28   3.06   2.07   2.07   2.09   1.88   2.08   1.65   1.31   1.27
 1995   0.95  -0.53   0.25   1.19   1.94   1.33   0.95   1.25   1.28   2.02   2.07   1.75
 1996   1.70   1.36   1.22   0.78   0.74  -0.42   0.69   0.79   0.98   0.81   1.80   1.94
 1997   1.95   2.07   1.78   1.86   2.46   1.78   2.23   1.82   2.17   2.80   2.42   2.28
 1998   2.13   1.81   2.36   3.06   2.56   2.80   2.58   2.42   1.64   2.29   2.74   2.51
 1999   2.29   2.30   2.02   2.69   2.93   4.10   5.77   4.86   3.90   3.18   2.33   1.70
 2000   1.14   1.05  -1.52  -1.63  -1.55  -1.43  -1.67  -1.58  -1.81  -1.58  -0.97  -1.09
 2001  -0.72  -0.81  -0.93  -0.77  -0.72  -1.19   0.88   0.56   0.83   0.81   1.64   1.31
 2002   1.06   0.88  -0.41  -0.56  -0.71  -1.18  -1.75  -1.35  -1.62  -1.22  -1.40  -1.56
 2003  -1.59  -1.74  -1.76  -1.68 -99.00 -99.00 -99.00 -99.00 -99.00 -99.00 -99.00 -99.00
