 1893   0.65   1.74   1.42   2.45  -0.75  -2.79  -0.16  -0.38  -1.20  -0.92  -0.01   2.23
 1894   0.06  -0.44  -1.34   1.51  -1.09  -2.72  -2.91  -2.45  -2.58  -0.42  -1.91  -0.46
 1895  -0.77  -1.52  -2.57  -0.14  -1.83   1.42  -0.63   0.71   1.82  -1.08  -0.08  -1.31
 1896  -0.88  -1.26  -0.31   2.97   2.05   3.42   2.99  -0.13   0.17   2.38   4.17   0.16
 1897   3.51   0.42   2.88   2.64  -2.02   1.72   1.15  -0.46  -1.83  -0.01  -0.21   3.34
 1898   0.91   0.51   0.46  -0.42   2.94   1.88   1.38   0.89  -0.97   1.28   0.20  -0.34
 1899   0.59   1.20   0.97  -1.58   3.60   3.33  -0.45   0.43  -1.68  -0.41  -1.07   0.59
 1900  -0.54   0.78   1.09   1.99  -0.14  -1.62   4.64   0.26   1.98   0.36  -0.35   0.82
 1901  -0.09   1.16   1.85  -0.15  -0.38   0.98  -2.12  -1.07   7.89   0.97   0.98   2.13
 1902   2.14   0.83   0.94  -0.16  -0.87   0.12   1.23   2.37   3.02  -1.24   0.04   2.76
 1903  -0.29   1.33  -0.31  -0.06   3.97   0.42   1.88   4.10  -0.36   1.33   0.34   0.02
 1904   0.44   0.61  -0.26   0.70   1.16   1.53   0.24   2.90  -0.55   2.97  -0.68  -0.33
 1905   2.07   1.08   0.61   0.52   5.00   1.33   1.42   0.92   1.85   1.25   3.93  -0.21
 1906   0.71   1.88   1.67   1.29  -2.01  -0.83  -1.06   7.05   5.26   4.08   0.12   0.67
 1907   1.16   0.91  -1.03  -0.90   0.70   1.83   4.15   0.02  -0.15  -1.00  -1.21   0.67
 1908  -0.50   0.23   0.04  -0.19   1.01   2.52   1.65   1.56  -1.15   1.55   1.54   0.32
 1909   0.60   2.05   0.19   0.47   1.58   1.69   2.24   1.13   2.30   0.07   2.44   2.09
 1910   0.78  -0.12  -2.23  -2.53  -1.69  -2.12  -0.90   1.77   1.20  -0.34  -1.16  -0.99
 1911  -1.05  -1.02  -2.73  -2.02  -1.87  -1.04  -0.62   1.05  -2.09   3.70  -0.42   0.64
 1912  -0.30  -0.24   0.67   0.06  -1.46  -1.72  -0.01   1.16   1.76   0.17  -1.47  -0.58
 1913  -1.03   0.47  -0.08   3.25   4.91  -0.82  -0.14  -1.96  -1.33  -1.51  -1.82  -1.21
 1914  -0.96  -1.25  -2.28  -0.91  -1.22   0.53  -1.87  -0.60   2.21  -1.77  -2.15  -0.17
 1915  -0.79   3.22   0.03  -0.49   3.39   1.43   7.18   0.04   2.53   1.30   0.67   0.96
 1916   1.57   0.29   0.03   1.59   1.17   1.87   0.83   0.07   1.52  -0.44  -0.32   0.29
 1917   1.59   0.33   1.67   2.27   1.16   0.99  -0.53   0.47  -0.58  -1.03  -1.01   0.32
 1918   0.79  -0.11  -1.64  -0.71   3.16  -0.42  -0.86   1.33  -0.65   0.64   1.32   1.07
 1919  -0.27   2.84   0.29   1.22   0.21   0.79  -0.23  -0.97  -0.39   0.81   2.29  -0.23
 1920  -0.60  -0.18   0.98   6.10   2.36   1.22  -0.43  -0.52  -0.90   0.96   0.04   0.88
 1921  -0.42  -0.47  -1.91  -1.96   0.34  -2.46   1.84  -0.42  -0.13  -0.33  -0.84  -0.70
 1922   0.58  -0.21  -1.65  -0.20  -1.14  -0.87   0.65  -2.06  -2.58  -1.59   1.01  -1.31
 1923  -0.44  -1.77  -0.81   0.30   0.29   0.64  -0.11   6.94   4.02  -0.11  -0.15   0.86
 1924   0.19   1.53   1.75  -0.77  -0.74   2.82   0.27   0.99   0.60  -1.38  -1.21   2.51
 1925   0.83  -0.05  -1.14  -0.34  -2.25   0.71  -1.86  -2.65  -0.40  -0.40  -1.29  -0.54
 1926  -0.18  -1.86  -2.28  -3.17  -2.82  -3.21  -2.67   0.49   1.73  -1.20   0.68  -0.65
 1927  -1.30   0.97   1.77   3.57   1.59  -0.70   0.73   1.71   0.35  -1.51  -0.26  -0.22
 1928  -1.02   1.73   1.02  -1.70   0.83  -0.60   0.64  -1.13  -0.88   2.20   0.67  -0.67
 1929   0.28   0.68  -1.00   1.64   1.79   1.50   0.46  -0.21   1.03   1.43   0.28  -0.09
 1930   0.54  -0.85  -0.85  -0.42   1.30   0.34  -2.52   0.19   0.16   1.70   1.36  -0.32
 1931  -0.35  -0.47  -0.09  -0.44  -1.31  -2.69  -2.21  -3.05  -2.07  -1.35   1.64  -0.11
 1932   1.48   0.06  -0.69  -1.96   1.84  -0.05  -1.02  -0.02  -0.78  -0.57  -1.22  -0.69
 1933  -1.20  -0.60   0.82  -1.52  -1.05  -3.27   2.60  -0.28  -1.33  -2.18  -1.85  -0.05
 1934  -0.94  -1.47   0.10  -2.67  -4.71   0.52  -1.79  -3.26   1.30  -2.05  -0.66  -0.52
 1935  -0.10  -0.47  -2.07   2.05  -0.27   0.01  -1.54   0.89  -1.60  -1.57  -0.44   0.03
 1936   3.06   2.16  -0.05  -0.89  -0.93  -2.42  -4.27  -4.32   1.41  -1.65  -1.71   0.61
 1937   1.05  -1.05  -0.26  -0.25  -1.63  -1.25  -2.21   0.56  -1.94   1.89  -0.94  -0.84
 1938   0.35   1.06  -0.93  -1.13   0.19  -2.12   1.72  -2.40   4.04  -2.04   1.44  -0.73
 1939   0.91   1.78   1.25  -0.30  -1.67   1.19  -1.18   0.03  -2.78  -1.86  -2.18  -0.97
 1940  -0.74  -0.67   1.06   1.17  -2.88  -0.38  -0.76  -1.29  -2.95  -0.20   0.99   0.74
 1941   1.87   2.28  -0.20   2.96  -2.32   1.12  -1.42  -2.43   0.97   0.00  -1.28  -0.16
 1942  -0.54   0.84   0.84  -2.37   0.45   1.72   0.15  -1.05   1.38  -1.07  -0.84  -0.80
 1943   0.17  -0.55   0.50  -1.37  -1.34  -0.04  -0.89  -2.48  -2.52  -0.14  -0.89  -1.72
 1944   0.92   0.60  -0.77   1.06   1.93   0.34   3.14   6.43   0.10  -0.74   0.80   0.24
 1945   1.05   1.05   0.01   0.39   0.91   0.31  -0.83   0.99  -1.04  -2.12  -0.93   1.28
 1946  -0.84  -0.73  -0.35  -2.91  -0.20  -2.11  -2.82  -1.67   1.22   1.63   1.71  -0.32
 1947   0.98  -0.66  -0.64   0.12   0.20   1.14  -0.53  -1.61  -1.37   0.53   1.01   0.12
 1948  -0.91   1.32  -0.87  -1.40  -2.66   1.27  -0.14  -0.15  -2.16  -0.21   1.56   0.60
 1949   2.58  -0.80   3.54  -0.84   0.21  -1.48   1.08  -1.69   3.74  -0.31  -1.49  -0.47
 1950  -0.23   0.65   0.43  -0.48   1.36   2.20   1.24   0.36  -0.56  -0.54  -0.25  -0.97
 1951  -1.00   0.53   2.05   3.96   0.41   2.94   0.71   5.36   2.92   1.89   0.43   0.77
 1952   1.24   0.95   1.64  -0.48   1.16  -2.65  -0.68   0.81  -2.12  -1.93  -0.82  -0.11
 1953  -0.66   1.09  -0.97   2.54   1.66  -0.86   1.14   0.56  -0.94  -1.87  -0.16   1.17
 1954  -1.07   0.86   0.24  -0.17   0.30   1.33  -0.66   1.14  -0.55   0.71  -1.41  -0.63
 1955  -0.77   0.11  -1.23  -1.85  -3.07   0.80  -3.17  -4.58  -2.57  -2.31  -1.93  -0.28
 1956  -1.23  -1.95  -2.96  -1.49  -2.16  -3.91  -0.17  -2.32  -2.75  -2.49  -1.42  -1.60
 1957  -1.55  -2.15  -0.74  -1.75   0.71  -0.24  -0.90  -1.45   0.15   0.17   0.53  -1.40
 1958  -1.01   0.53  -0.70   1.39  -2.42  -2.12   1.62  -2.85  -2.55  -2.81  -1.49  -1.74
 1959  -1.35  -1.14  -0.20  -1.77   2.23  -1.54  -1.50  -0.52  -1.46   1.41   3.06   0.92
 1960   0.54  -0.14   1.68   0.77   3.41   0.18  -0.67   4.29  -0.52  -0.53   0.07  -0.12
 1961  -0.27   0.00   0.24  -0.78   0.05  -1.88   0.38  -1.81  -0.21  -1.18  -0.83  -0.15
 1962  -1.29   0.81   1.41  -0.66   1.76   3.80   1.76   0.18   2.37  -0.97  -1.33  -0.09
 1963   0.10  -0.63  -0.79  -0.91  -1.41   3.04   3.26   0.94  -0.41  -1.96  -1.60  -1.05
 1964  -0.47  -1.11   0.18   0.54  -1.44  -0.55   0.31   3.53   1.12  -1.28  -0.64   0.11
 1965  -0.89   0.60  -0.72  -0.44   0.90   0.16  -0.47  -0.12   4.49  -0.99  -0.78  -0.03
 1966  -0.27   0.53  -0.25  -0.59  -2.41   0.90  -0.65   1.87  -0.24  -0.06  -1.24  -0.23
 1967  -0.36  -1.53  -2.77  -2.06  -0.44   5.38  -0.98   0.33  -1.94  -0.89  -1.54  -0.90
 1968  -0.51  -1.79  -2.72  -0.31  -2.65  -2.92  -3.14  -0.33  -0.62   4.87  -0.38   2.40
 1969   1.26   0.96   0.55  -1.80  -1.28   1.95   1.70  -0.30   0.05   2.18  -0.78   0.54
 1970  -0.62  -0.90   0.59   0.29   0.24  -0.46  -2.25  -2.13  -0.27   1.45   1.10   0.28
 1971  -0.62   2.14  -0.32  -1.27  -1.59   3.22  -0.08  -2.50  -1.71   1.14   0.75   0.15
 1972  -0.77  -0.46  -1.56  -0.62   2.93   0.63   1.94  -0.48  -0.74   0.23   0.17   1.04
 1973   0.72  -0.06   4.46   0.29   0.72  -1.28  -0.23  -3.40   2.92  -1.23   0.37   0.07
 1974  -0.90  -1.32  -1.36  -1.84  -1.94  -1.06  -3.36  -0.36  -1.21  -1.80  -1.93  -1.42
 1975  -0.13  -2.04  -1.17  -0.79  -2.45   0.05  -3.37  -0.85  -1.88  -2.48   1.85  -1.46
 1976  -0.99  -1.67  -0.78  -1.38  -2.36  -3.05  -2.07  -2.55  -2.02  -1.69  -1.94  -1.79
 1977  -1.75  -1.78  -0.04  -0.19  -1.41  -2.52  -2.07  -0.95   0.12   0.13  -0.32   0.11
 1978  -1.23  -0.01  -2.02   0.36  -0.55  -3.08   3.04  -0.85  -2.68  -1.70  -0.97  -0.43
 1979   0.60  -1.38   3.15  -0.16   2.03   0.36   2.22   1.33   0.82   1.74   2.95   0.10
 1980   0.30  -0.08   0.13  -0.86  -1.09  -2.34  -3.05   3.03  -1.42  -0.51  -2.05  -1.25
 1981  -1.64  -1.25  -1.15  -4.39  -2.39  -1.81   0.33  -1.58  -2.36  -1.57  -1.35   0.72
 1982   0.51  -1.75  -1.30  -1.66   2.19  -0.70  -1.19  -2.03  -0.54   1.92   1.99   3.14
 1983   0.97   0.46   4.05   1.12  -0.61   2.95  -1.32  -2.42  -0.61  -0.75   1.51  -1.18
 1984  -0.72  -0.24   2.89   3.97  -0.21   2.32  -0.44  -2.23  -1.24   3.35  -0.70  -0.34
 1985  -0.63  -0.30   1.38   1.48  -1.90   0.71  -1.89   2.17   1.94  -0.51   0.02  -0.64
 1986  -0.59  -0.24   0.08   0.75   1.79   0.91  -0.28  -0.08   2.57   1.77  -0.34  -0.17
 1987  -0.22  -0.68   4.74  -1.99  -1.75  -0.04   0.64  -0.77   0.20  -1.58  -0.12   0.73
 1988   0.42  -1.02  -2.10   0.62  -0.79  -3.90  -1.25  -0.16  -0.35  -1.92  -0.98  -1.70
 1989  -0.82  -1.54  -1.78  -2.71  -3.26  -2.70  -2.76  -1.79  -0.69  -2.34  -1.69  -1.21
 1990  -1.00  -2.26  -2.20  -2.30   1.45  -2.84  -2.06  -1.72  -2.35  -0.25  -0.99  -1.04
 1991  -1.07  -2.01  -1.94  -0.43  -0.11   0.27  -1.94  -2.55  -1.66  -0.40   1.42  -0.67
 1992  -0.20   0.21   1.68  -0.64  -1.51   0.75   1.80   4.79   2.18   5.16   1.88   1.84
 1993   0.39   1.35   0.25   2.32   2.14   0.93   4.25   2.28   0.84   0.18   1.65   0.47
 1994   1.13   1.12  -1.04   0.31  -2.54   0.70   0.78  -0.06   1.37  -0.86  -0.66   0.28
 1995  -0.70  -1.27   3.81   3.45   3.10  -1.55  -0.89   1.37   0.54   3.08   0.87  -0.46
 1996   0.40  -0.64  -0.03  -1.19   0.11  -0.88   2.47   0.60   0.96  -0.28   3.82   1.13
 1997   0.66   1.09  -0.32   0.86   2.80  -1.63   2.23  -0.74   1.86   3.03  -0.45   0.33
 1998   0.21  -0.45   2.61   3.29  -0.75   1.72   0.16   0.30  -2.00   2.88   2.40   0.08
 1999   0.05   0.81  -0.24   3.09   1.78   5.19   7.38  -1.34  -1.81  -1.25  -2.00  -1.48
 2000  -1.43   0.06  -2.01  -1.13  -0.19   0.07  -1.75  -0.15  -1.79   0.52   2.58  -0.96
 2001   1.50  -0.71  -0.93   0.49  -0.03  -2.68   3.15  -0.85   1.15   0.22   3.26  -0.63
 2002  -0.48  -0.29  -1.01  -0.98  -0.95  -2.70  -3.38   1.40  -1.86   1.45  -1.36  -1.31
 2003  -0.74  -1.35  -0.73  -0.26 -99.00 -99.00 -99.00 -99.00 -99.00 -99.00 -99.00 -99.00
